-267.542187
-267.530888
-266.616483
-267.806144
-269.990428
-267.194237
-267.843851
-266.221421
-264.963976
-264.653417
-264.914171
-265.143328
-264.598241
-262.793157
-262.451660
-262.375237
-260.770636
-261.021448
-263.276725
-264.488814
-263.966849
-263.297576
-260.589897
-257.286010
-259.196444
-258.949746
-260.260587
-261.775748
-263.021481
-263.184975
-264.611173
-264.363268
-264.446860
-263.959065
-262.017019
-261.929112
-262.931913
-262.157288
-262.115027
-261.811577
-262.335591
-265.250422
-265.822512
-263.430170
-260.737573
-259.398715
-258.257006
-258.503985
-257.546809
-256.594301
-254.186959
-254.233302
-254.093021
-255.015629
-254.273797
-252.971761
-250.788761
-246.660274
-244.882022
-242.916586
-239.988633
-239.799250
-241.592289
-242.431372
-243.447887
-243.975590
-241.542726
-240.624158
-240.970322
-242.970792
-243.158388
-241.312785
-242.419560
-243.313300
-241.873065
-241.619936
-244.636494
-247.759711
-250.899913
-251.128531
-250.462894
-251.185314
-253.355398
-252.141316
-249.180425
-250.096163
-250.868327
-251.518260
-250.482973
-248.793277
-251.245685
-248.921959
-248.764566
-250.474844
-250.395707
-248.703366
-246.106298
-243.379830
-243.126482
-242.320868
-241.344185
-239.237210
-237.702639
-237.532845
-236.903442
-235.991617
-235.135149
-235.868759
-236.243347
-236.191828
-235.985996
-236.692795
-233.638199
-232.018261
-231.287244
-232.428602
-233.492663
-232.362154
-234.474809
-232.952845
-231.404726
-233.915603
-236.044352
-235.675012
-235.982837
-235.334476
-233.708724
-233.579461
-231.471091
-232.059331
-232.148372
-235.989873
-239.073802
-241.185053
-240.638317
-242.062622
-243.617396
-241.890635
-241.764792
-240.953989
-240.615781
-238.815096
-237.149928
-237.382881
-237.226406
-236.120685
-236.393734
-235.781068
-235.650635
-234.007454
-230.503455
-231.427652
-230.941067
-230.566537
-227.872879
-227.129841
-228.351806
-229.169692
-230.232558
-229.332548
-229.032799
-230.148323
-228.401721
-227.531990
-228.292647
-228.106316
-229.256582
-227.846124
-228.507626
-229.092826
-228.276602
-225.639524
-225.902798
-226.910461
-226.901258
-226.291095
-225.740490
-226.677734
-226.556647
-226.172142
-227.125585
-226.434264
-228.837362
-231.597315
-230.769179
-231.064698
-231.609744
-231.536240
-229.982509
-229.680129
-230.060834
-228.681903
-227.568862
-227.453023
-226.869973
-228.064505
-228.723175
-228.332459
-229.142878
-226.896786
-225.833320
-222.367667
-220.784624
-221.956979
-219.907780
-219.762409
-217.824849
-218.218782
-217.058607
-215.098754
-214.413004
-215.439779
-215.880454
-217.533674
-217.800655
-216.208435
-218.717524
-220.631255
-220.688481
-221.934408
-224.022262
-222.429573
-221.031710
-223.161648
-223.779491
-225.594888
-226.872645
-226.517210
-228.074590
-228.589815
-228.900917
-228.731330
-228.154779
-227.431908
-228.554046
-224.968222
-223.915985
-225.802371
-226.700567
-225.651630
-225.375709
-226.518583
-223.785725
-223.494416
-222.494085
-223.168375
-223.463628
-223.313591
-224.118662
-223.982335
-223.259926
-220.712000
-219.089112
-216.915887
-217.358505
-217.586888
-216.286851
-215.150649
-215.625299
-216.753143
-215.732857
-216.265116
-215.342969
-214.632102
-211.971957
-211.526929
-211.763993
-210.657860
-210.061255
-210.257450
-212.743862
-213.721713
-214.034623
-214.068876
-214.123288
-213.510732
-214.797065
-214.289559
-213.347471
-214.310532
-214.201104
-215.967936
-218.260214
-219.751211
-219.141070
-218.448592
-218.925174
-216.757965
-216.443103
-214.948557
-215.084228
-213.321796
-211.817964
-211.243099
-211.019091
-209.017046
-209.825774
-210.416313
-209.176828
-209.829012
-209.320134
-207.432606
-205.727867
-206.739713
-206.106630
-206.492490
-206.124746
-206.370983
-207.398075
-208.096891
-210.722940
-210.412074
-207.717825
-207.245491
-207.346693
-206.366491
-207.537936
-207.333003
-208.590163
-206.044528
-206.142232
-205.979946
-205.979283
-204.856802
-204.570297
-203.899694
-204.978143
-203.776888
-202.582926
-199.885221
-200.666583
-202.852923
-203.970656
-203.548882
-202.936003
-200.729297
-199.752554
-197.096944
-196.739667
-196.327265
-199.421697
-198.716100
-199.849487
-197.626454
-197.610362
-195.714279
-197.022372
-198.464242
-199.797554
-198.833728
-198.245721
-197.419468
-196.786647
-194.381721
-192.646330
-192.189271
-193.690352
-195.195653
-193.916531
-189.985179
-190.818421
-190.332933
-194.929989
-198.138692
-198.274374
-195.679242
-194.477114
-196.026329
-196.250684
-196.509550
-196.008899
-197.271411
-200.951670
-203.368692
-205.040687
-205.012576
-205.106487
-208.501478
-210.335701
-209.967332
-208.300243
-205.392905
-206.254753
-205.665354
-206.747000
-204.906781
-203.188570
-204.265578
-204.424141
-204.083162
-204.360535
-203.571168
-202.808039
-200.176891
-198.632400
-197.525020
-193.712926
-191.484400
-189.752863
-193.357828
-194.229783
-193.342783
-196.393196
-197.083733
-196.317019
-196.369008
-196.732898
-194.708831
-197.816010
-198.725551
-196.787046
-195.095637
-197.427507
-195.517301
-195.958837
-196.272489
-195.970548
-196.089345
-194.883292
-193.652459
-191.347754
-187.227378
-183.704236
-184.723668
-186.938499
-185.075502
-186.671124
-183.382522
-181.973855
-182.870782
-183.778683
-183.309290
-188.091537
-185.964557
-186.070245
-188.473986
-189.484561
-192.777618
-191.728739
-191.705455
-191.061679
-191.949003
-191.911951
-190.491643
-191.809136
-190.766627
-191.110365
-189.948600
-190.372139
-190.808077
-191.748864
-192.172005
-193.345152
-192.716009
-190.111149
-189.777038
-186.504157
-186.141102
-187.287159
-189.235131
-189.629181
-188.158499
-188.406369
-187.902185
-187.525866
-186.750745
-186.891999
-185.155730
-186.208575
-183.765097
-177.735496
-177.299024
-177.051523
-178.761897
-178.036673
-179.035718
-179.295354
-177.186916
-175.558857
-175.937156
-176.623227
-175.155196
-176.081633
-178.420357
-179.636790
-179.208589
-181.058642
-181.903495
-183.100256
-184.494224
-183.979899
-185.091075
-183.818124
-184.708377
-184.533759
-183.712930
-184.839112
-186.224241
-186.089857
-185.834424
-186.301671
-185.774806
-183.672527
-183.325176
-183.972310
-180.972119
-178.689683
-175.673743
-176.666827
-178.535500
-179.693298
-185.197251
-185.199239
-183.670106
-185.765768
-186.132519
-183.652043
-184.021569
-183.719083
-181.538813
-180.959905
-181.955368
-182.468195
-180.148558
-181.888948
-182.759245
-184.836969
-185.987375
-189.542170
-188.279285
-182.024506
-180.042757
-180.155275
-177.938018
-176.346267
-178.105618
-176.868642
-178.585586
-179.584390
-179.947673
-178.593382
-176.500910
-179.828509
-181.539910
-178.816203
-178.505162
-176.420061
-170.134638
-168.931554
-169.819698
-169.822073
-168.383608
-169.388953
-168.456820
-167.115637
-168.626614
-167.761846
-167.863850
-168.591171
-170.301413
-171.247480
-172.505114
-173.319217
-176.178125
-176.809571
-176.512677
-178.652249
-178.273197
-177.827595
-183.021526
-185.426703
-183.475169
-185.491085
-186.668567
-185.736060
-185.883232
-186.431821
-184.305948
-181.616571
-184.468147
-185.525304
-182.660969
-183.107231
-181.255260
-182.434396
-181.060208
-182.484770
-183.824643
-181.155789
-177.883127
-179.479722
-176.856800
-174.576849
-172.965691
-170.214074
-168.895845
-168.594080
-168.375061
-163.960695
-157.756034
-157.576346
-154.941023
-154.275461
-151.795023
-153.026478
-151.103631
-151.058265
-152.335367
-152.627087
-151.925578
-153.921148
-153.946271
-153.448251
-155.018835
-155.364408
-155.511431
-154.987306
-158.564969
-160.068103
-162.157305
-160.793669
-162.202567
-163.083489
-160.872110
-161.298821
-159.801173
-155.510721
-153.399684
-153.188987
-152.527505
-155.920809
-156.857418
-160.112929
-161.914956
-164.288993
-165.139932
-163.027804
-163.991107
-162.041154
-164.326757
-163.307409
-165.122903
-166.640441
-166.496912
-169.824190
-170.093638
-172.802781
-173.682131
-173.887657
-171.801891
-170.481145
-167.142988
-163.259822
-160.620386
-160.259132
-158.459378
-158.242269
-158.758481
-158.459473
-157.671918
-158.250517
-160.977726
-161.447494
-158.834692
-158.014155
-158.950181
-156.716285
-156.022637
-158.147967
-161.533567
-161.443053
-162.796006
-162.806429
-161.620099
-163.995330
-165.388462
-164.235102
-164.815692
-165.320523
-162.780594
-159.554136
-160.128229
-160.951061
-163.313845
-163.537901
-168.636518
-170.872274
-167.566449
-165.305119
-165.293040
-164.470040
-165.217615
-166.553658
-165.207958
-162.809871
-162.957741
-163.134758
-166.117684
-165.974701
-165.362212
-163.390615
-161.695095
-159.863716
-158.678346
-153.914629
-149.527455
-151.308141
-150.798545
-150.214970
-150.439795
-148.899492
-148.273977
-147.551524
-146.532594
-146.864966
-146.781898
-143.698812
-144.520803
-142.610753
-146.215289
-144.428963
-142.973189
-142.312529
-141.680277
-144.161158
-146.482245
-148.123827
-146.775367
-147.455835
-150.032676
-150.417104
-151.591079
-154.675429
-155.760998
-154.219558
-156.035055
-157.134135
-158.816117
-156.514743
-156.780640
-158.420604
-157.816237
-158.089438
-156.736612
-153.006627
-150.957024
-151.853130
-151.888353
-151.141220
-150.902333
-149.047431
-146.636159
-144.063874
-144.406272
-142.919224
-141.281610
-139.517603
-138.174045
-138.516947
-138.323054
-141.443335
-141.990702
-145.005028
-148.703826
-155.938882
-159.586912
-159.099444
-157.765474
-161.858729
-165.209505
-169.730033
-172.446957
-173.958184
-174.061392
-173.402295
-173.855994
-175.037911
-175.354130
-173.775420
-171.898432
-170.572053
-168.572404
-169.360565
-161.600449
-163.264280
-167.366842
-168.249531
-164.326927
-165.145624
-162.246843
-160.307895
-159.178715
-159.775116
-160.591151
-161.406528
-160.407327
-160.546587
-161.381186
-162.558232
-162.817981
-162.727832
-158.006063
-159.193720
-153.862272
-149.320260
-147.164005
-146.407938
-141.848856
-139.999176
-140.986321
-139.705526
-139.848413
-137.755824
-137.544050
-136.275360
-135.117417
-135.302515
-134.531147
-137.813219
-139.059139
-141.060704
-141.640026
-140.994002
-141.174566
-140.734689
-140.825468
-142.623508
-142.159474
-142.010123
-141.885455
-137.938965
-140.316059
-139.049433
-139.900676
-141.398249
-143.641185
-143.440195
-140.959152
-139.839085
-136.985134
-136.097242
-133.772052
-133.165368
-134.502894
-132.594755
-131.728927
-131.067635
-130.346806
-132.188866
-136.856779
-136.453111
-136.864940
-138.090084
-138.190439
-136.198561
-134.950645
-134.381488
-133.531183
-132.232306
-132.669341
-135.559052
-136.539995
-136.838949
-138.474126
-137.412695
-137.514964
-135.664010
-133.450928
-130.139332
-128.260958
-129.451832
-127.909497
-128.265554
-126.515755
-127.285056
-129.817138
-130.132405
-131.734258
-131.004993
-130.954789
-129.526645
-127.307112
-126.215766
-126.927532
-131.252606
-133.487913
-135.252746
-135.544866
-136.160201
-134.229175
-134.441800
-136.039618
-136.535912
-136.023908
-133.546113
-132.197757
-132.167930
-130.648481
-131.590982
-131.640073
-131.390230
-131.682888
-130.229610
-126.008556
-124.186246
-122.980320
-122.343688
-121.532523
-123.752427
-123.148126
-123.071478
-121.768500
-121.115353
-122.443541
-123.237323
-123.051165
-125.254471
-125.366735
-125.667770
-126.718555
-127.295621
-129.279933
-131.038376
-132.330831
-130.936954
-132.016232
-133.902101
-133.051277
-135.424048
-132.859407
-132.305262
-133.066650
-132.645589
-133.852778
-134.131594
-132.135818
-129.267055
-128.990975
-129.731372
-130.063931
-129.342250
-126.647044
-124.951699
-126.133141
-127.262582
-126.205301
-125.525725
-123.354295
-123.020061
-124.924901
-125.349473
-122.650014
-120.261469
-121.659350
-123.618374
-124.963785
-125.428257
-123.867580
-122.083685
-120.615980
-121.511154
-121.871636
-120.636060
-120.163152
-120.522774
-122.671360
-124.185431
-123.965922
-122.721261
-120.372025
-123.676174
-124.303896
-121.662492
-119.568955
-118.142828
-118.251506
-119.770600
-121.305928
-122.135383
-121.393690
-120.860785
-121.578719
-120.549791
-118.609848
-116.579202
-115.613127
-115.392971
-115.982245
-116.400742
-114.616467
-113.699988
-114.061107
-113.948366
-114.965951
-114.104483
-114.847608
-113.940488
-112.832584
-112.421232
-112.593479
-113.210849
-114.151285
-114.737630
-113.452525
-113.723376
-114.787999
-116.165271
-116.158810
-115.654213
-115.433745
-113.310053
-113.347628
-112.590113
-113.406898
-112.910540
-113.388570
-114.553681
-115.397208
-117.321168
-115.914768
-116.359550
-118.991297
-122.198160
-123.377476
-122.322304
-121.283800
-122.576820
-123.750276
-126.722061
-132.574564
-132.662317
-133.327741
-133.515290
-133.300939
-136.049529
-135.491456
-136.801080
-133.505494
-136.270672
-134.845460
-132.659686
-131.402773
-130.513253
-129.571547
-128.365868
-129.527436
-129.005368
-129.014045
-125.879871
-126.117234
-126.484353
-125.264816
-123.772513
-121.314363
-120.685875
-117.210553
-117.209226
-113.363470
-110.794174
-110.677597
-109.503633
-107.000058
-108.292843
-109.283345
-105.971362
-104.727756
-101.532804
-100.274791
-104.247457
-106.616693
-106.896127
-107.851687
-106.686931
-107.184476
-108.808569
-113.308174
-117.204609
-120.673241
-121.084730
-122.079606
-122.911229
-124.372115
-127.446269
-128.100173
-129.493202
-131.134677
-132.001100
-127.149740
-124.124084
-123.595177
-124.066762
-125.039411
-125.458728
-129.051983
-126.709053
-124.281357
-123.763358
-124.541393
-124.995604
-128.087414
-125.106651
-124.171732
-123.635021
-124.200242
-126.884422
-126.477359
-127.684794
-127.056589
-127.886989
-126.259086
-125.213070
-125.110381
-121.444429
-119.806453
-119.270207
-119.207842
-117.179509
-117.260831
-114.437029
-115.628751
-114.972116
-117.248936
-117.303348
-113.758154
-114.245659
-116.246807
-117.340213
-115.978877
-116.158769
-115.470423
-115.938769
-116.296447
-115.909096
-115.482662
-113.646237
-114.026661
-115.501563
-114.660643
-112.350270
-110.889845
-109.852362
-107.500970
-108.470366
-109.384111
-105.905704
-105.553129
-106.426913
-106.308707
-107.288425
-106.406990
-108.990091
-111.160133
-113.080791
-114.182515
-114.199809
-112.956678
-113.697688
-115.702117
-114.714021
-112.903954
-114.396080
-114.870905
-114.287594
-115.848144
-117.620196
-116.783919
-115.454029
-114.740703
-113.300075
-108.867798
-107.135741
-105.753657
-105.303527
-104.972341
-103.515699
-103.647028
-101.907302
-102.504842
-104.556160
-105.574702
-102.169890
-99.959551
-98.593016
-95.727152
-99.288570
-104.190271
-103.567793
-104.895905
-106.832071
-107.015803
-107.059709
-107.914334
-108.931745
-108.190146
-111.884916
-113.415089
-114.496679
-114.047497
-113.764304
-115.497042
-115.880888
-115.915293
-116.409574
-116.300805
-112.646925
-116.489815
-117.616515
-116.003357
-114.983001
-115.211694
-115.447188
-116.226107
-117.477888
-112.922078
-117.003314
-116.454147
-115.673443
-114.594486
-114.049752
-115.613691
-116.796631
-117.115559
-112.271247
-113.163319
-109.476731
-107.495705
-108.911054
-109.866772
-109.204585
-107.161874
-104.161452
-102.227524
-101.671086
-98.329805
-97.523191
-97.021353
-96.463444
-97.589779
-95.852984
-94.936194
-94.909328
-95.289536
-94.361287
-95.134841
-94.482936
-92.728161
-93.349122
-92.367656
-95.281085
-99.849178
-100.283977
-101.967646
-102.114259
-103.484999
-104.397820
-107.798194
-113.584797
-116.825972
-119.442388
-119.908573
-120.442227
-120.121891
-120.732678
-123.331702
-125.292517
-124.801279
-123.770824
-122.579275
-122.274158
-122.960997
-124.714939
-122.995649
-123.889743
-125.590952
-123.036658
-115.763301
-112.684594
-110.207614
-109.069768
-109.784489
-110.468886
-110.287851
-110.533163
-109.687074
-108.783607
-111.630591
-112.207939
-109.628699
-112.079124
-113.788081
-116.889209
-114.395922
-110.735556
-110.245155
-110.644671
-111.228165
-112.504200
-112.417013
-111.433745
-109.799781
-108.858066
-106.367916
-104.957550
-104.434831
-103.921631
-102.416150
-101.092705
-98.163426
-98.008501
-99.407712
-101.993789
-102.941906
-105.768715
-109.088618
-109.465857
-107.384397
-106.934621
-107.192477
-108.464255
-109.126510
-109.780608
-111.126938
-112.513268
-111.063745
-110.220648
-111.395189
-111.380732
-107.337624
-103.143157
-100.622190
-99.867888
-96.716633
-93.233021
-94.491371
-94.466569
-94.880529
-96.340984
-95.522519
-96.022384
-96.230028
-95.791721
-96.640859
-103.381711
-107.474644
-106.437582
-106.249874
-105.934010
-104.713165
-105.242982
-106.378737
-106.122044
-106.471312
-104.532147
-104.602997
-106.671461
-105.650353
-105.174002
-103.722377
-103.585690
-103.565125
-100.151535
-93.934089
-89.607700
-89.715053
-89.211348
-88.329293
-88.173481
-87.071150
-85.103954
-85.878414
-88.239451
-87.512036
-87.592265
-85.219289
-84.165230
-84.495292
-85.128013
-84.455214
-84.244752
-86.409416
-88.491129
-88.273192
-88.123915
-88.257007
-88.920265
-89.865497
-90.943852
-92.843091
-92.088405
-91.366921
-91.605149
-92.080561
-93.819641
-94.677780
-94.387770
-95.229016
-95.189203
-96.256583
-95.655570
-94.608398
-94.950138
-94.162228
-95.125919
-96.051983
-95.538565
-95.312277
-94.865307
-93.766564
-91.377429
-91.968814
-91.660683
-90.793724
-90.759741
-90.979817
-90.101909
-91.415434
-90.556956
-90.626334
-89.586773
-90.725425
-90.134178
-88.706116
-87.542681
-87.525848
-87.057509
-88.503410
-89.513980
-91.853884
-91.824759
-91.772231
-91.113440
-91.475744
-92.577199
-93.352107
-92.758779
-92.099605
-92.941476
-92.666954
-93.383839
-94.073627
-94.816579
-94.127405
-93.957385
-95.533361
-96.287884
-95.877641
-93.195989
-92.102644
-92.345828
-91.889329
-93.649948
-93.080646
-95.273555
-98.412395
-102.863017
-102.192439
-101.765895
-101.539967
-102.874026
-107.172681
-107.568635
-108.293988
-105.315364
-103.970706
-103.160671
-104.283551
-106.020722
-107.477407
-108.968260
-107.395894
-108.285099
-103.377892
-99.976649
-95.084098
-95.415162
-95.087324
-93.247632
-91.616407
-87.346908
-89.103719
-89.023590
-89.947205
-88.432565
-89.417696
-90.936121
-90.701675
-89.819596
-90.934512
-90.354854
-89.707787
-92.416354
-91.485483
-93.959286
-94.346672
-96.679139
-100.692911
-102.283052
-107.561037
-110.025600
-113.281887
-115.045708
-116.203218
-116.043788
-113.402278
-113.046246
-111.907914
-109.004619
-109.526670
-110.086854
-108.862781
-109.829213
-108.329151
-107.017597
-105.496679
-101.180084
-100.443441
-95.792654
-92.143513
-91.403156
-92.917275
-92.002979
-91.820882
-92.526468
-91.201438
-93.066574
-92.703929
-91.294003
-89.892692
-89.680693
-88.975109
-89.165589
-88.847271
-88.865753
-90.441657
-90.285509
-88.584066
-87.693545
-83.141633
-78.799579
-78.689203
-79.958017
-79.065100
-79.697182
-76.924461
-77.855900
-80.899105
-80.905617
-80.790075
-81.416109
-82.402805
-85.269032
-85.834504
-84.965199
-85.331405
-85.649497
-85.298822
-85.620930
-86.359934
-86.763173
-85.433357
-85.870531
-86.148037
-86.746369
-85.582341
-82.803721
-82.829584
-82.978654
-82.299619
-81.980713
-79.144076
-79.755069
-84.938499
-86.077841
-86.568400
-87.477905
-89.241152
-88.928330
-88.280704
-88.200356
-88.294852
-87.658712
-86.940650
-87.738711
-87.430882
-86.731885
-87.400629
-87.729448
-88.331201
-88.975698
-87.290188
-82.575034
-81.480644
-82.348403
-84.957137
-87.120876
-91.952732
-92.778319
-93.282978
-95.063039
-96.014485
-95.923147
-97.323070
-98.679241
-98.652364
-97.187837
-96.654278
-95.505272
-94.493803
-93.894400
-92.847925
-91.871278
-91.272560
-87.199222
-83.302487
-78.598329
-78.706399
-79.036906
-76.783170
-75.630165
-76.511280
-74.288373
-72.636731
-74.456510
-75.713950
-76.501015
-75.203916
-76.338676
-80.844081
-82.812274
-83.677125
-83.150218
-84.957281
-84.677728
-85.010883
-83.520063
-82.935623
-82.182885
-82.130396
-81.766360
-83.499565
-84.728221
-85.509301
-90.078044
-91.736779
-93.989346
-94.968116
-90.593002
-89.217628
-89.369300
-90.205501
-89.241923
-91.751108
-93.082162
-94.057235
-94.970364
-96.191825
-98.490698
-99.689597
-99.183376
-99.626531
-97.789369
-92.539878
-89.982515
-88.085396
-85.697298
-86.836408
-86.456204
-86.634365
-85.681932
-85.773855
-84.324346
-83.350808
-84.290367
-84.224147
-84.131959
-81.947710
-81.110724
-80.657502
-79.929519
-79.500570
-79.161115
-80.503311
-81.705396
-81.812018
-82.207392
-83.138656
-82.737212
-85.499619
-89.242578
-90.634734
-90.869319
-88.754293
-88.550506
-88.871501
-89.446862
-88.728559
-88.193413
-89.160263
-90.148138
-90.165750
-89.275902
-90.430255
-92.521955
-91.806688
-90.634073
-90.011064
-89.404690
-87.644445
-89.609578
-91.316238
-95.230520
-95.900553
-95.129472
-94.417572
-95.088268
-99.715162
-100.251747
-100.732054
-104.505747
-109.142060
-115.215806
-114.272449
-115.427226
-116.643898
-115.865112
-114.736351
-111.762302
-111.002571
-110.179240
-108.748959
-108.483403
-109.262496
-110.071630
-111.458508
-107.074430
-106.069111
-104.750620
-102.430099
-98.808811
-90.600379
-90.691398
-93.506795
-97.436266
-99.730793
-100.492452
-102.785027
-100.630865
-99.161892
-98.809535
-98.630073
-97.469863
-96.436633
-95.859035
-95.762953
-96.037158
-98.064374
-96.578924
-96.049376
-95.901158
-96.385715
-93.826443
-89.911261
-89.752831
-88.578684
-88.355610
-89.163526
-89.408065
-87.396236
-86.257520
-86.557476
-88.103143
-86.671923
-87.961991
-87.640267
-84.889247
-84.832620
-84.321009
-85.144774
-84.094500
-84.045108
-83.872330
-83.241432
-83.801165
-83.104441
-80.865020
-80.396704
-82.858028
-83.330113
-84.063890
-82.520155
-84.150019
-88.617182
-90.212513
-91.653794
-92.167741
-91.389828
-90.203137
-90.459434
-89.560763
-89.720077
-89.273890
-89.047157
-89.135184
-90.027228
-90.645077
-89.674757
-89.557344
-90.159111
-91.000841
-89.855838
-83.545489
-81.707123
-81.374485
-81.431818
-81.673483
-82.299151
-83.262904
-82.286110
-81.115017
-81.574054
-80.850231
-79.692730
-81.800292
-81.992670
-82.053893
-81.395354
-84.413095
-84.978353
-85.281425
-86.884872
-87.166020
-88.725727
-88.867434
-88.577216
-88.046791
-86.836485
-88.420348
-90.024706
-88.664005
-88.477300
-91.056752
-89.898194
-89.013956
-87.375421
-87.384932
-82.888714
-86.192607
-88.949901
-89.358028
-90.289689
-89.473355
-90.122927
-90.365985
-90.285167
-90.067680
-88.166111
-87.172757
-88.524066
-89.213584
-87.885044
-87.269506
-87.367419
-88.386941
-88.753359
-88.648950
-84.551174
-81.797908
-81.549345
-81.803390
-81.557466
-82.061569
-83.776983
-85.706687
-87.650888
-88.826473
-88.561816
-88.577408
-87.569945
-87.486779
-87.355128
-86.999225
-85.816706
-86.570466
-88.423045
-90.296244
-90.649855
-89.499509
-87.436112
-86.859326
-85.544253
-83.544517
-82.614025
-81.096264
-80.418283
-81.550108
-81.040742
-81.425203
-81.411976
-82.323731
-82.318798
-84.296815
-83.019214
-82.323591
-81.561223
-81.810377
-83.279384
-83.557529
-84.246998
-84.325721
-85.523492
-86.031509
-86.407388
-89.999784
-92.763071
-92.275582
-92.086475
-92.461637
-91.577515
-92.712724
-91.728131
-92.318553
-90.869810
-90.226892
-88.976468
-87.787521
-87.225390
-85.075222
-84.697725
-84.419689
-83.799736
-82.044579
-78.152510
-73.464254
-74.201200
-74.106044
-72.675484
-74.127822
-80.657274
-82.997060
-87.341545
-86.881782
-88.066093
-90.283303
-92.526780
-93.861611
-95.511628
-96.075741
-96.175918
-95.779320
-98.073330
-99.583641
-102.982459
-102.484913
-101.668658
-102.994872
-101.425370
-94.164318
-92.844884
-88.551840
-90.108256
-87.753159
-85.789118
-82.919878
-81.973428
-80.928936
-82.100248
-85.956266
-87.707007
-86.577261
-85.072282
-82.259739
-82.706546
-83.359969
-82.235917
-83.553421
-83.833992
-83.247331
-83.165147
-83.179808
-84.906105
-86.085937
-88.320295
-89.948168
-90.049226
-88.352736
-84.736392
-83.493712
-83.027541
-83.432195
-83.568768
-83.571821
-83.413270
-83.364684
-82.614451
-82.882227
-82.632731
-82.138781
-82.388441
-81.237836
-79.738976
-78.613246
-78.257427
-79.216598
-79.523393
-80.536125
-81.435473
-82.919922
-84.743959
-85.367270
-86.582646
-87.867419
-88.805181
-89.108579
-88.833279
-89.647284
-90.026975
-89.273823
-89.983625
-90.556461
-90.767745
-88.797134
-88.460480
-88.300707
-86.321549
-85.777972
-86.450455
-84.825286
-84.600298
-82.962203
-83.047413
-84.180059
-85.895307
-88.631686
-89.374906
-89.394785
-89.340284
-89.087606
-89.596717
-88.923721
-91.247746
-90.619508
-91.439368
-91.850195
-90.447980
-89.112873
-88.572705
-87.645344
-87.832925
-88.630995
-86.576966
-84.118411
-81.487154
-79.404607
-79.301956
-79.872288
-79.349276
-78.431466
-79.257161
-78.316040
-78.824478
-78.703196
-78.241715
-83.104595
-85.803956
-86.927648
-87.662486
-88.290207
-87.352102
-88.181507
-88.388040
-88.210801
-89.343583
-88.963908
-89.012618
-89.266798
-93.226111
-95.025060
-96.069724
-96.962470
-95.921561
-97.614560
-96.106590
-95.206382
-94.658464
-95.203576
-94.423411
-94.236172
-93.541580
-93.972967
-94.290877
-92.978157
-92.697649
-92.174121
-92.938635
-90.756595
-90.306034
-90.387534
-88.272327
-88.580218
-88.401035
-85.670318
-83.586541
-83.563071
-83.810785
-83.857255
-83.933500
-83.556123
-83.386361
-83.321715
-86.067179
-86.842793
-85.623625
-84.992341
-83.417083
-80.588140
-78.659947
-80.945745
-81.755168
-80.424600
-80.461376
-80.182121
-79.621653
-78.773033
-79.152192
-79.297046
-81.090342
-82.809681
-82.621340
-79.748085
-80.104935
-82.449599
-82.165147
-82.222574
-83.318336
-85.770383
-89.425570
-90.803267
-91.815956
-91.544752
-91.963400
-92.383311
-94.190832
-93.546963
-92.954971
-91.943623
-90.785148
-90.592956
-94.265237
-94.577569
-93.653673
-95.545319
-96.057598
-97.730644
-96.088560
-91.892930
-90.983364
-93.069972
-94.083036
-95.609606
-97.330854
-97.950925
-102.378085
-107.140680
-107.255749
-105.429101
-105.248716
-102.318705
-101.282610
-103.429828
-103.855848
-103.155990
-102.436663
-102.453345
-103.241193
-102.685506
-99.724928
-99.130185
-98.736465
-96.181414
-94.036804
-90.903671
-87.043095
-86.371867
-87.851874
-88.939953
-88.650132
-95.194722
-93.931670
-92.078660
-93.089429
-92.687940
-93.738247
-94.007125
-94.580217
-95.719534
-95.981455
-95.080708
-95.311925
-94.705738
-94.010173
-95.375270
-100.016599
-102.992600
-102.430042
-102.967583
-97.626452
-96.490948
-95.129047
-94.069247
-93.072276
-92.361039
-91.118858
-90.741445
-89.886143
-89.219117
-89.438559
-89.636762
-90.828053
-91.368473
-90.675570
-85.898815
-83.282871
-83.148384
-83.555934
-83.932770
-85.443176
-85.896699
-85.682288
-87.595298
-88.759173
-90.819612
-92.606807
-92.121923
-93.489121
-93.992745
-93.733893
-93.554839
-93.441068
-91.896561
-93.099013
-91.860348
-93.680930
-96.751950
-97.100288
-97.112314
-98.058381
-100.106819
-100.576813
-102.865827
-101.073821
-98.812044
-99.485581
-98.316010
-97.235420
-97.140857
-95.900782
-95.692723
-96.804958
-98.864036
-101.455401
-100.376616
-96.189329
-96.124612
-96.680474
-98.081328
-96.094300
-94.873512
-97.628875
-102.881694
-106.649558
-107.103369
-107.035298
-108.572812
-112.611649
-114.859387
-114.617027
-113.769925
-111.123356
-108.587271
-107.593184
-107.865701
-106.731870
-106.001592
-104.234283
-104.204984
-104.089907
-98.133068
-92.643751
-90.178075
-89.989619
-91.656488
-90.740617
-87.639927
-86.106967
-85.917706
-86.611783
-87.666579
-88.018773
-89.712554
-90.913113
-90.699863
-89.436460
-89.167808
-90.472118
-89.075594
-87.411729
-89.113624
-87.583728
-86.742799
-87.276701
-88.266234
-87.878906
-89.024668
-88.995732
-89.855454
-92.197591
-92.065369
-90.713752
-91.057516
-93.064233
-96.589849
-97.764042
-97.567086
-98.474732
-99.354472
-98.122942
-98.444515
-99.179627
-97.582261
-96.799164
-101.161727
-104.562573
-108.987734
-112.424218
-108.831068
-109.200623
-109.220572
-107.762200
-104.709462
-102.218265
-101.586130
-100.461164
-99.818698
-99.519447
-99.146089
-98.695142
-98.885765
-98.855956
-98.443913
-94.744328
-90.699170
-87.360764
-82.426534
-84.089996
-84.696902
-84.018296
-83.195307
-86.185037
-86.288535
-85.713891
-85.929855
-86.726206
-86.486467
-89.226972
-91.538062
-91.302647
-91.056283
-90.703774
-89.353015
-89.229211
-87.643520
-88.078051
-86.250771
-84.234950
-84.430657
-85.649256
-83.164291
-82.336900
-82.881842
-83.611106
-82.655162
-82.975101
-80.959298
-78.655654
-78.637376
-79.319446
-79.868387
-81.101649
-80.908431
-82.247576
-82.749264
-85.177875
-87.871770
-87.504322
-87.616184
-88.713727
-89.332116
-89.539552
-88.337548
-88.747238
-89.340057
-89.042834
-89.541428
-89.826389
-88.786156
-88.857642
-89.191938
-88.827460
-89.145266
-86.983069
-86.097269
-84.017173
-89.685950
-89.581929
-89.349659
-88.518043
-88.039124
-89.436043
-89.565530
-88.352030
-88.600816
-89.626634
-89.317326
-89.907486
-90.188879
-91.240039
-90.746480
-89.758353
-91.013065
-89.865380
-90.931460
-85.947965
-85.877407
-85.502157
-85.075511
-86.306459
-88.421724
-90.603990
-95.835459
-95.586128
-95.423179
-95.454933
-95.928970
-95.167115
-94.459469
-95.232965
-95.394327
-96.020009
-96.061870
-95.902243
-96.425771
-97.216823
-98.202187
-99.173986
-97.096618
-94.457993
-92.346340
-87.493147
-87.248937
-86.316609
-86.736999
-86.812979
-86.435313
-85.569128
-86.173880
-86.410462
-86.105726
-85.922359
-85.809160
-87.025454
-86.262704
-90.601421
-92.541574
-93.659972
-93.787373
-93.459325
-93.154529
-92.316362
-91.622609
-91.228997
-89.405154
-90.316595
-90.183247
-88.891376
-89.226372
-89.128771
-89.536346
-88.439914
-87.055062
-87.921622
-84.046422
-81.752830
-81.705173
-81.644713
-81.769839
-82.517394
-83.331936
-84.304932
-84.309886
-86.647722
